0
0
0
0
0
0
0
0
0
0
0
0
0
0
0
0
0
0
0
0
0
0
0
0
0
0
0
0
0
0
0
0
0
0
0
0
0
0
0
0
0
0
128
128
192
224
224
240
248
248
248
252
224
128
6
62
127
255
255
255
255
255
255
255
255
255
0
0
0
0
0
0
0
0
0
0
0
0
0
0
0
0
0
0
0
0
0
0
0
0
0
0
0
0
0
0
0
0
0
0
0
0
0
0
0
0
0
0
0
0
0
128
128
128
128
0
0
0
0
192
224
240
248
252
254
255
63
31
15
199
227
227
227
227
227
231
135
15
31
252
252
248
241
227
227
231
199
207
15
3
0
0
0
0
0
0
0
0
0
0
0
0
0
0
0
0
0
0
0
0
0
0
0
0
0
0
0
0
0
0
0
0
0
0
0
0
128
224
224
240
248
252
254
255
127
31
7
131
225
248
252
254
255
255
255
255
255
255
255
255
240
224
192
143
31
31
31
31
31
159
135
192
224
252
255
255
255
127
31
7
3
0
0
0
0
0
0
0
0
0
0
0
0
0
0
0
0
0
0
0
0
0
0
0
0
0
0
0
0
0
0
0
0
0
0
0
0
0
0
0
1
1
1
1
1
1
1
224
240
120
48
17
131
199
199
231
231
231
199
7
15
255
255
255
255
255
255
255
255
255
255
255
255
127
63
31
15
7
3
1
0
0
0
0
0
0
0
0
0
0
0
0
0
0
0
0
0
0
0
0
0
0
0
0
0
0
0
0
0
0
0
0
0
0
0
0
0
0
0
0
0
0
0
0
0
0
0
0
0
0
128
225
240
252
254
255
127
63
31
31
143
199
225
240
224
7
15
31
31
31
143
199
227
227
241
240
120
0
0
0
0
0
0
0
0
0
0
0
0
0
0
0
0
0
0
0
0
0
0
0
0
0
0
0
0
0
0
0
0
0
0
0
0
0
0
0
0
0
0
0
0
0
0
0
0
0
0
0
0
0
0
0
0
0
3
3
3
1
0
0
0
0
0
1
1
1
0
0
0
0
0
254
255
255
127
63
31
15
3
0
0
0
0
0
0
0
0
0
0
0
0
0
0
0
0
0
0
0
0
0
0
0
0
0
0
0
0
0
0
0
0
0
0
0